0 0.1758758650273224 0.21996491067961166 0.13218050601092896 0.26453822524271847 0.1341431650273224 0.2766990291262136 0.13558189453551914 0.2766990291262136 0.17889400218579232 0.23345096990291261 0.17782677213114756 0.2268383213592233 0.17652165464480873 0.21963590582524273 0.1758758650273224 0.21996491067961166
0 0.18721043715846994 0.24520422330097089 0.1926594087431694 0.24951456310679612 0.1941660912568306 0.24951456310679612 0.19480173169398907 0.24697801941747574 0.1976745306010929 0.22073576504854367 0.19032961147540983 0.2150793941747573 0.18721043715846994 0.24520422330097089
0 0.0526262912568306 0.22753230291262136 0.052708701092896174 0.22473848737864077 0.004143233879781421 0.19223300970873786 0.004032720218579235 0.19223300970873786 0.002988502732240437 0.2033272640776699 0.049505907650273226 0.23495145631067962 0.05130126174863388 0.23495145631067962 0.0526262912568306 0.22753230291262136
0 0.02548441475409836 0.19824360000000002 0.06397347103825136 0.2573321854368932 0.06519368579234973 0.258252427184466 0.06521456775956284 0.258252427184466 0.06767552349726776 0.25164864466019415 0.06827283770491803 0.24914850097087377 0.029438875409836068 0.1891324145631068 0.02548441475409836 0.19824360000000002
0 0.07002070491803279 0.24660194174757283 0.0715846994535519 0.23717185825242718 0.0715846994535519 0.23499353398058254 0.049991298907103826 0.22079460194174758 0.04850759836065574 0.23228498058252428 0.0697036306010929 0.24660194174757283 0.07002070491803279 0.24660194174757283
0 0.05180023825136612 0.24672148058252427 0.09669505300546448 0.2536272495145631 0.09776128360655738 0.2531898990291262 0.09785587704918033 0.2451930932038835 0.09743052786885247 0.24191972427184466 0.052019706557377046 0.2351408922330097 0.05180023825136612 0.24672148058252427
0 0.09009349016393442 0.22468324368932038 0.09420871475409837 0.23284861067961166 0.0946917218579235 0.23351907669902913 0.10856650382513662 0.21630731941747572 0.10890420928961748 0.21553935242718447 0.1049919825136612 0.20754522135922332 0.09009349016393442 0.22468324368932038
0 0.09706451475409836 0.2763525174757282 0.09836065573770492 0.2737033883495146 0.09836065573770492 0.2732085213592233 0.09502964262295081 0.2659877427184466 0.080369412568306 0.2821393854368932 0.08395080163934426 0.290898272815534 0.09706451475409836 0.2763525174757282
0 0.3666809087431694 0.36466692233009707 0.3963673819672131 0.36583266019417476 0.3982105420765027 0.3651365922330097 0.40312953989071043 0.243098540776699 0.4029545300546448 0.241635686407767 0.3708312120218579 0.24100662524271846 0.3666809087431694 0.36466692233009707
0 0.8617182546448088 0.4138135844660194 0.8633246453551913 0.4233069155339806 0.8724779393442622 0.42126080291262136 0.873710275409836 0.420239827184466 0.8729613967213115 0.40941059708737865 0.8876746704918033 0.4052178213592233 0.8872227207650273 0.39947409708737863 0.8978441950819672 0.39547879029126215 0.8960331267759563 0.38457442135922326 0.8428070863387979 0.4000744368932039 0.8461557327868853 0.41723223106796115 0.8617182546448088 0.4138135844660194
0 0.9164632573770491 0.41635605145631066 0.9336280601092897 0.4073440902912621 0.9361717519125684 0.4054257291262136 0.9341551224043716 0.38137626019417475 0.9340069360655737 0.3807560048543689 0.9143776497267759 0.3910279883495146 0.9164632573770491 0.41635605145631066
0 0.9426440021857924 0.41145583203883496 0.9600167382513661 0.4475735854368932 0.9614337612021858 0.4492717436893204 0.9678798579234972 0.4363728291262136 0.9495433786885246 0.3977401757281553 0.9426440021857924 0.41145583203883496
0 0.9929425448087432 0.3932038834951456 0.9961303852459017 0.39300609805825243 0.9989071038251366 0.3738156601941747 0.9989071038251366 0.3702386757281554 0.9909014114754098 0.36904388349514566 0.9896695147540984 0.3691203145631068 0.9864177901639344 0.3932038834951456 0.9929425448087432 0.3932038834951456