0 0.06943276275787189 0.5033151467181467 0.07020175895765472 0.5033868030888031 0.08740499457111835 0.42326460231660235 0.08740499457111835 0.41819982335907335 0.08224619163952226 0.41461757722007725 0.08149078447339847 0.4145471882239382 0.0638017220412595 0.4987503465250966 0.06943276275787189 0.5033151467181467
0 0.07786974049945711 0.5033958561776062 0.08337725352877308 0.5105585492277993 0.08379010803474483 0.5107552374517375 0.11166558360477742 0.43392264092664096 0.10619780456026058 0.4271282548262548 0.07786974049945711 0.5033958561776062
0 0.09571594951140064 0.48616655115830115 0.11790712975027144 0.48467136679536676 0.11864520575461454 0.4842449768339768 0.11927137839305103 0.47438819015444017 0.11886604831704668 0.4721701843629344 0.09632151357220413 0.4725882084942085 0.09571594951140064 0.48616655115830115
0 0.1017347187839305 0.5081697644787645 0.10485435939196525 0.5167077934362934 0.10608408251900109 0.5183553928571428 0.14137981107491857 0.4742488416988417 0.1427168756786102 0.47109407046332047 0.13946614495114007 0.4616493117760618 0.1017347187839305 0.5081697644787645
0 0.14208801845819763 0.45152107046332046 0.14457130347448427 0.48120907625482623 0.14479644353963084 0.48210815733590734 0.1498888523344191 0.4809532866795367 0.15115764875135723 0.47994889092664095 0.14948829153094464 0.4510084025096525 0.14929293756786102 0.4502282693050193 0.14208801845819763 0.45152107046332046
0 0.13527294951140065 0.5394208474903476 0.13597972258414767 0.5395974565637066 0.14312619652551575 0.512054751930502 0.1377441818675353 0.5068973011583012 0.137099726927253 0.5067362644787645 0.12991560694896853 0.5346687664092664 0.13527294951140065 0.5394208474903476
0 0.2258848116178067 0.49372949710424713 0.2269272529858849 0.48202725965250964 0.2269272529858849 0.47817811003861005 0.1768205884907709 0.4858042644787645 0.1758635276872964 0.5007980337837838 0.17671504885993486 0.5010378272200773 0.2258848116178067 0.49372949710424713
0 0.2301845819761129 0.46173363416988417 0.2361232437567861 0.4888131689189189 0.2391282377850163 0.4881571486486486 0.24429967426710097 0.4866581274131274 0.24429967426710097 0.48367481274131274 0.23886273832790444 0.45904011486486485 0.2361624489685125 0.45962961486486487 0.2301845819761129 0.46154877413127415 0.2301845819761129 0.46173363416988417
0 0.3900243007600434 0.5444827258687259 0.45184136264929425 0.5995742857142857 0.4525694891422367 0.5998259314671814 0.4672468832790445 0.5464268861003861 0.40409507817589574 0.49263980212355213 0.3900243007600434 0.5444827258687259
0 0.9160883013029316 0.6899624343629344 0.9190238045602606 0.6874730897683398 0.9212298789359391 0.684925863899614 0.9063384945711184 0.5985409662162162 0.905011493485342 0.5949078137065636 0.8960077404994571 0.6036028986486486 0.9004984288816504 0.629610166023166 0.895047920738328 0.6343659903474903 0.8981355678610207 0.6529398117760618 0.9034826520086862 0.6480302731660232 0.9086947138979371 0.6738119971042471 0.9119934918566776 0.6718672615830116 0.9160883013029316 0.6899624343629344
0 0.9515163072747014 0.6399967287644788 0.95568696742671 0.6638983291505791 0.9559835450597176 0.6647103204633205 0.9717893626492943 0.6501938986486486 0.9751455309446253 0.6463187258687259 0.9710482567861021 0.6226585154440154 0.9710457622149837 0.6226516862934363 0.9515163072747014 0.6399967287644788
0 0.9989693317046688 0.6833976833976834 0.999457111834962 0.6668492065637065 0.999457111834962 0.6634582837837838 0.9801330646036917 0.6519048185328185 0.9791297774158523 0.6710539913127413 0.9983696498371335 0.6833976833976834 0.9989693317046688 0.6833976833976834