0 0.17958115183246073 0.17287967225325884 0.1802503434554974 0.1736823975791434 0.22511451361256546 0.20377326256983241 0.22718894607329843 0.19830384729981376 0.2293193717277487 0.1922767337057728 0.2293193717277487 0.19211101582867784 0.22882687486910994 0.19152024487895716 0.18350310366492145 0.16196333147113595 0.17958115183246073 0.17230388733705773 0.17958115183246073 0.17287967225325884
0 0.241747409947644 0.18138861731843575 0.24724551727748692 0.1766196527001862 0.2476439790575916 0.17621327094972067 0.2476439790575916 0.1743549422718808 0.24715537905759163 0.17257338175046555 0.23808389319371726 0.15264646648044694 0.23122375654450264 0.158746687150838 0.241747409947644 0.18138861731843575
0 0.06376899267015707 0.12039350279329611 0.09531907591623037 0.18480010148975792 0.0964964057591623 0.18605816014897578 0.09963284712041884 0.18059684916201119 0.10040987486910995 0.17829704003724395 0.06748426073298429 0.11178079422718808 0.06376899267015707 0.12039350279329611
0 0.0792347947643979 0.13619333705772813 0.11772886544502618 0.18935120763500932 0.11864488795811519 0.18994413407821228 0.11900120994764399 0.18994413407821228 0.12111059057591622 0.18357784823091247 0.12161154031413612 0.1811301527001862 0.08276128586387435 0.1271147541899441 0.0792347947643979 0.13619333705772813
0 0.11165457486910994 0.1877935791433892 0.12041884816753927 0.15328898789571696 0.12041884816753927 0.15184629608938546 0.11465889633507853 0.1487299757914339 0.1054177439790576 0.1842721303538175 0.11028519267015707 0.18749456145251397 0.11165457486910994 0.1877935791433892
0 0.10715420732984293 0.19619645716945996 0.11086842146596859 0.20471324394785848 0.11112028429319372 0.20506319180633145 0.14573565130890054 0.16323135474860334 0.14712152565445027 0.1600767635009311 0.14394528691099476 0.15260023091247674 0.14370505235602093 0.15226644040968343 0.10715420732984293 0.19619645716945996
0 0.14556090418848167 0.169026791433892 0.1509123780104712 0.17039106145251395 0.15201237958115182 0.17039106145251395 0.15621595340314137 0.1426407104283054 0.15619761204188481 0.14170664338919925 0.1505551596858639 0.14011854469273743 0.14556090418848167 0.169026791433892
0 0.14221554659685862 0.22601261731843575 0.14572598586387434 0.19938920204841712 0.14564380104712044 0.19729905121042832 0.14022248010471203 0.19577154096834265 0.13642221204188482 0.22499121601489758 0.14221554659685862 0.22601261731843575
0 0.45762563560209424 0.2657156005586592 0.4582560905759162 0.21498678770949722 0.45789843717277484 0.21199440968342645 0.3912814172774869 0.2035102364990689 0.39093971623036644 0.25864385381750465 0.45762563560209424 0.2657156005586592
0 0.8811692125654451 0.3134517635009311 0.8852079973821989 0.3220102402234637 0.8746166921465969 0.33903669366852884 0.8766668188481676 0.3432370223463687 0.8693054518324608 0.35630739478584733 0.8733774382198952 0.3625053184357542 0.8740515795811519 0.363254469273743 0.9119490031413613 0.3019102402234637 0.912041884816754 0.301645895716946 0.912041884816754 0.301344177839851 0.9044502413612565 0.2908431173184357 0.8929491623036648 0.3080350474860335 0.8888701115183246 0.3018902076350093 0.8811692125654451 0.3134517635009311
0 0.9405628706806283 0.34626666666666667 0.9517579952879581 0.33843469273743015 0.9531702392670157 0.33660995810055866 0.9445693188481675 0.3094769208566108 0.9435216780104712 0.30691255307262566 0.9308550848167538 0.315705739292365 0.9405628706806283 0.34626666666666667
0 0.958312439790576 0.36034275977653635 0.98390834973822 0.35834171322160147 0.9854658455497383 0.3574417355679702 0.9837868633507854 0.34117054189944135 0.9565537633507853 0.3429807113594041 0.958312439790576 0.36034275977653635