0 0.1774556256231306 0.2164483865248227 0.2207089820538385 0.2424300744680851 0.22258074077766699 0.23710307890070922 0.22432701894317048 0.2317574166666667 0.22432701894317048 0.23090078280141843 0.22401258275174477 0.23055136613475177 0.1803318634097707 0.20510491843971632 0.1766576595214357 0.2155616480496454 0.1774556256231306 0.2164483865248227
0 0.2398980299102692 0.19602839539007094 0.22632338334995014 0.20996236258865247 0.2284005139581256 0.22163120567375885 0.22844182801595214 0.22163120567375885 0.23002489232303092 0.22077049024822695 0.24205957228315056 0.20812528191489363 0.24031462113659022 0.19797528014184396 0.2398980299102692 0.19602839539007094
0 0.06281676719840479 0.17525182624113475 0.10204250398803588 0.21706527304964537 0.10236719641076769 0.21719858156028368 0.10343139780658026 0.21719858156028368 0.10525339581256232 0.21100194592198582 0.10557653339980061 0.2085128289007092 0.0647561635094716 0.16550878280141842 0.06281676719840479 0.17525182624113475
0 0.0827871146560319 0.22879814893617023 0.0852150478564307 0.23187895833333333 0.08786783250249251 0.23407882535460992 0.11970894765702891 0.17339440425531916 0.11515947208374876 0.1666924804964539 0.0827871146560319 0.22879814893617023
0 0.1021812412761715 0.211771280141844 0.10473094616151546 0.22124300797872343 0.10492649800598206 0.22167246010638297 0.12410961714855433 0.2081031985815603 0.12458250498504488 0.20742219592198582 0.12172933150548355 0.19829814361702128 0.1021812412761715 0.211771280141844
0 0.12142728564307079 0.2559797579787234 0.127182259222333 0.2567320425531915 0.1274819591226321 0.25663806471631206 0.13289185294117647 0.18642922163120568 0.13251967148554336 0.18267553900709219 0.1275213364905284 0.18190904255319149 0.1272354740777667 0.18199868173758865 0.12142728564307079 0.2559797579787234
0 0.14637713559322035 0.212299445035461 0.15198479810568297 0.21145463031914893 0.15252491176470587 0.21119725975177306 0.15308438185443668 0.1837619060283688 0.15295486889332005 0.18290233510638298 0.14752887238285145 0.18357823315602836 0.14637713559322035 0.212299445035461
0 0.14452940877367895 0.2628543909574468 0.1420860672981057 0.2381531054964539 0.1411936590229312 0.2350383829787234 0.1364562966101695 0.23766859131205673 0.13913564905284148 0.26524547163120565 0.14452940877367895 0.2628543909574468
0 0.4321028120638086 0.3195155780141844 0.43234414207377864 0.31925770478723403 0.4152687886340977 0.21040628014184395 0.38813909072781655 0.22583516312056737 0.3879083454636092 0.22608172606382979 0.4043447781655035 0.3359066781914894 0.4321028120638086 0.3195155780141844
0 0.8763321211365902 0.377217390070922 0.8773015792622134 0.36698008599290777 0.830170758225324 0.34184738209219856 0.8290544591226321 0.35831042375886524 0.8425842318045862 0.3665725824468085 0.841764555333998 0.3755062739361702 0.8497012532402791 0.3803191489361702 0.8509813270189431 0.3803191489361702 0.8527939476570289 0.3709549982269503 0.8658016355932203 0.3779778484042553 0.8667238968095713 0.37294251063829786 0.8763321211365902 0.377217390070922
0 0.8970084421734795 0.3766712783687943 0.908107575772682 0.37793963031914896 0.9100846570289133 0.37725619326241133 0.9086625134596211 0.34485155939716317 0.8955657996011963 0.3434163129432624 0.8970084421734795 0.3766712783687943
0 0.9174831849451645 0.38225488386524825 0.9397328564307079 0.39893617021276595 0.9415779481555334 0.39893617021276595 0.9434743140578266 0.38616132269503545 0.9436361839481555 0.38381685372340424 0.9198219047856431 0.3662894796099291 0.9174831849451645 0.38225488386524825
0 0.9683736306081755 0.3258492039007092 0.9612205049850449 0.334099280141844 0.9679853519441676 0.36613475177304966 0.9681181779661017 0.36613475177304966 0.9705271226321037 0.3636415664893617 0.9754226076769691 0.35708114184397166 0.9686407098703889 0.32647950531914893 0.9683736306081755 0.3258492039007092