0 0.02735953451995685 0.5400423646833014 0.031269736245954693 0.5484852322456814 0.03193887918015103 0.5491451842610365 0.06804069795037757 0.4890241007677543 0.0686084476806904 0.4872016880998081 0.06443902588996764 0.47915297216890596 0.06378170765911542 0.4785046813819578 0.02735953451995685 0.5400423646833014
0 0.041313741100323625 0.5345850009596929 0.09144596278317152 0.524328631477927 0.0920381024811219 0.523837340690979 0.09163977615965481 0.513211763915547 0.09119999460625675 0.5115337092130519 0.04073026968716289 0.5228384539347409 0.041313741100323625 0.5345850009596929
0 0.07668876267529666 0.553084905950096 0.08342763106796117 0.5531966084452975 0.08426237594390507 0.5525965335892514 0.08192033279395901 0.5140507140115164 0.08166163861920173 0.5129114644913628 0.07484974110032362 0.5123940930902111 0.07668876267529666 0.553084905950096
0 0.07594413376483279 0.5694445710172744 0.07989698274002158 0.5767252063339732 0.08127197033441208 0.5779184318618042 0.11099221251348436 0.5229661785028791 0.11195984627831715 0.5194362053742803 0.10778247087378641 0.5113148416506718 0.07594413376483279 0.5694445710172744
0 0.10973443042071197 0.5264152274472169 0.124289524811219 0.5275644366602686 0.12706576483279394 0.5264240211132437 0.12744293581445523 0.5161333618042226 0.11040472653721682 0.5134041497120921 0.10973443042071197 0.5264152274472169
0 0.0999308619201726 0.5840793128598848 0.10374728586839266 0.5919803819577736 0.10451229557713053 0.5927348848368521 0.11657077562028048 0.5717054001919386 0.11667232901833872 0.571379424184261 0.11253333764832794 0.5633386266794626 0.1121319390507012 0.5629427399232245 0.0999308619201726 0.5840793128598848
0 0.19587505339805827 0.5574231612284068 0.19848975188781015 0.5453036199616123 0.19848975188781015 0.5426368310940499 0.14911437756202806 0.5316828445297505 0.14644232362459547 0.5459127591170825 0.14724198705501618 0.5464589280230326 0.19587505339805827 0.5574231612284068
0 0.2138684460625674 0.5404654491362764 0.21844660194174756 0.5269085969289827 0.21844660194174756 0.5269058934740882 0.20263641585760517 0.5185333694817659 0.19862461650485438 0.5320922111324375 0.19906722545846817 0.5325654011516314 0.2138684460625674 0.5404654491362764
0 0.4169661483279396 0.6600429961612284 0.4117502286947141 0.5388254817658349 0.41136595738942827 0.5369469702495201 0.3783822157497303 0.5420350633397313 0.38493444498381874 0.665269424184261 0.4169661483279396 0.6600429961612284
0 0.8856735258899676 0.67743123512476 0.8749470846817692 0.6762525470249521 0.8748741105717368 0.6762825230326295 0.8756323371089536 0.6867960038387716 0.8603234541531823 0.6866869030710172 0.8602236742179071 0.692827962571977 0.8493305916936353 0.6934767610364684 0.8498836504854369 0.7036986708253359 0.9019678888888889 0.7084902399232246 0.9029126213592233 0.7081021650671785 0.9029126213592233 0.7062771065259117 0.902424551240561 0.7004724270633398 0.9009930916936354 0.689440357965451 0.8863186558791801 0.6881025451055662 0.8856735258899676 0.67743123512476
0 0.9335346046386193 0.7119987859884837 0.937480839266451 0.7128609078694818 0.9428263214670982 0.6903302994241842 0.9428263214670982 0.6901618378119002 0.9217677259978425 0.6811961996161228 0.9163568748651564 0.7041395393474088 0.9162909417475729 0.7050949769673704 0.9335346046386193 0.7119987859884837
0 0.9659326742179072 0.7485604606525912 0.9673343036677454 0.7485604606525912 0.9719668915857606 0.7330583330134357 0.9520554347357065 0.6978260547024953 0.946217854368932 0.7151723608445297 0.9659326742179072 0.7485604606525912
0 1 0.674879037428023 0.9944719681769147 0.663147792706334 0.994467475188781 0.663147792706334 0.9875999751887811 0.6793631401151632 0.9927434735706581 0.6917538790786948 0.9938380609492988 0.6932214760076775 1 0.6811033138195778 1 0.674879037428023